2000
4100
1 169 1
1 422 1
1 462 1
1 842 1
1 994 1
1 1637 1
1 1804 1
1 1806 1
1 1860 1
2 352 1
2 592 1
2 987 1
2 1583 1
4 526 1
4 1043 1
4 1141 1
4 1474 1
4 1535 1
4 1760 1
4 1851 1
5 165 1
5 1097 1
5 1549 1
5 1860 1
5 1883 1
6 120 1
6 593 1
6 871 1
6 1160 1
6 1188 1
6 1496 1
7 342 1
7 518 1
7 1083 1
7 1712 1
7 1799 1
8 1236 1
8 1512 1
8 1716 1
9 216 1
9 948 1
9 1250 1
9 1582 1
10 305 1
10 1579 1
11 212 1
11 304 1
11 400 1
11 499 1
11 518 1
11 574 1
11 664 1
11 1148 1
12 536 1
12 751 1
12 883 1
12 1113 1
12 1251 1
12 1446 1
12 1924 1
13 137 1
13 193 1
13 1097 1
13 1215 1
13 1285 1
13 1523 1
14 594 1
14 675 1
14 777 1
14 853 1
14 992 1
14 1471 1
14 1748 1
14 1904 1
15 231 1
15 1031 1
15 1125 1
15 1894 1
16 316 1
16 884 1
16 901 1
16 1536 1
16 1927 1
17 1091 1
17 1567 1
17 1862 1
18 56 1
18 199 1
19 867 1
20 588 1
20 822 1
20 1423 1
20 1912 1
21 401 1
21 940 1
23 68 1
23 320 1
23 430 1
23 596 1
23 1641 1
24 760 1
24 875 1
24 898 1
24 1061 1
24 1923 1
24 1995 1
25 164 1
25 457 1
26 1483 1
26 1779 1
27 1573 1
27 1634 1
27 1816 1
28 311 1
28 1388 1
28 1660 1
28 1706 1
29 108 1
29 372 1
29 531 1
29 1496 1
29 1836 1
30 417 1
30 628 1
30 1336 1
30 1604 1
31 1005 1
31 1479 1
31 1567 1
31 1908 1
32 229 1
32 1165 1
32 1950 1
33 930 1
34 1424 1
34 1601 1
34 1681 1
34 1715 1
35 164 1
35 1170 1
35 1590 1
35 1687 1
35 1855 1
36 570 1
36 706 1
36 1351 1
36 1369 1
36 1453 1
37 174 1
37 450 1
37 960 1
38 110 1
38 815 1
39 432 1
39 1974 1
40 119 1
40 1682 1
40 1684 1
40 1739 1
40 1993 1
41 103 1
41 602 1
41 1083 1
41 1126 1
41 1335 1
41 1557 1
41 1784 1
41 1866 1
41 1888 1
42 1781 1
43 1165 1
45 313 1
45 742 1
45 1643 1
46 128 1
46 631 1
46 967 1
46 1088 1
46 1503 1
46 1917 1
47 179 1
47 1566 1
48 250 1
48 282 1
48 831 1
48 1123 1
48 1939 1
49 370 1
49 429 1
49 717 1
49 1442 1
49 1598 1
49 1701 1
50 769 1
50 787 1
50 957 1
50 1464 1
50 1552 1
50 1583 1
51 930 1
51 1125 1
51 1294 1
51 1446 1
52 301 1
52 500 1
53 151 1
53 1120 1
54 1262 1
54 1334 1
55 494 1
55 1716 1
55 1868 1
55 1991 1
56 71 1
56 90 1
56 426 1
56 769 1
56 1292 1
57 81 1
57 273 1
57 579 1
57 1317 1
58 160 1
58 629 1
58 1147 1
58 1176 1
58 1614 1
58 1853 1
59 77 1
59 1274 1
60 253 1
60 756 1
60 762 1
60 1071 1
60 1259 1
60 1434 1
60 1444 1
60 1613 1
60 1660 1
60 1708 1
61 984 1
61 1890 1
62 421 1
62 724 1
62 752 1
62 1418 1
62 1511 1
62 1728 1
62 1990 1
63 115 1
63 190 1
63 375 1
63 413 1
63 1531 1
64 147 1
64 272 1
64 552 1
64 1133 1
65 653 1
65 1294 1
65 1522 1
65 1917 1
66 653 1
66 1614 1
66 1633 1
67 382 1
67 563 1
67 885 1
67 1464 1
68 216 1
69 1510 1
69 1556 1
70 849 1
70 1848 1
71 313 1
71 1924 1
72 226 1
72 641 1
72 967 1
72 1540 1
74 119 1
74 435 1
74 496 1
74 801 1
74 824 1
74 1014 1
74 1741 1
74 1851 1
75 453 1
75 1037 1
75 1198 1
75 1479 1
75 1755 1
75 1789 1
76 294 1
76 768 1
76 830 1
76 1655 1
76 1693 1
77 79 1
77 151 1
77 1116 1
77 1429 1
77 1838 1
78 126 1
78 832 1
78 1344 1
78 1517 1
78 1646 1
79 610 1
79 1496 1
80 312 1
80 434 1
81 128 1
81 511 1
81 1503 1
81 1665 1
82 533 1
82 818 1
82 1346 1
82 1464 1
82 1866 1
83 249 1
83 1520 1
84 286 1
84 339 1
84 590 1
84 970 1
84 1200 1
84 1795 1
85 451 1
86 1958 1
87 249 1
87 420 1
87 811 1
87 1669 1
87 1808 1
87 1976 1
89 423 1
89 1104 1
89 1460 1
89 1642 1
90 92 1
90 140 1
90 266 1
90 671 1
90 1111 1
90 1418 1
91 1271 1
91 1409 1
91 1605 1
91 1861 1
91 1975 1
91 1987 1
92 787 1
92 1002 1
92 1555 1
93 727 1
93 1242 1
93 1595 1
93 1641 1
94 118 1
94 804 1
94 858 1
94 1607 1
94 1904 1
95 103 1
95 338 1
95 835 1
95 1639 1
96 776 1
96 1527 1
98 1723 1
99 367 1
99 1005 1
99 1531 1
99 1802 1
100 734 1
100 1293 1
100 1416 1
101 200 1
101 496 1
101 536 1
101 905 1
101 1286 1
101 1561 1
101 1600 1
101 1658 1
101 1839 1
101 1976 1
102 1546 1
102 1756 1
103 611 1
103 635 1
103 712 1
103 769 1
104 175 1
104 459 1
104 1331 1
105 692 1
105 1420 1
105 1831 1
106 360 1
106 770 1
106 850 1
106 1115 1
106 1256 1
106 1419 1
107 891 1
107 1370 1
108 564 1
108 713 1
108 1342 1
109 176 1
109 488 1
109 762 1
109 1116 1
110 291 1
110 598 1
110 1154 1
110 1733 1
111 112 1
111 419 1
112 632 1
112 1034 1
112 1849 1
113 555 1
113 737 1
113 803 1
114 1527 1
114 1544 1
114 1764 1
114 1953 1
115 1450 1
115 1713 1
116 815 1
116 933 1
116 1442 1
116 1916 1
117 327 1
117 548 1
117 1034 1
117 1311 1
117 1653 1
117 1682 1
118 1424 1
119 571 1
119 1290 1
119 1689 1
119 1695 1
120 170 1
120 854 1
120 1184 1
120 1281 1
120 1623 1
121 366 1
121 777 1
121 1030 1
122 1366 1
122 1984 1
123 364 1
123 412 1
123 770 1
123 1084 1
123 1128 1
123 1929 1
124 393 1
124 839 1
124 1000 1
124 1391 1
125 616 1
125 732 1
125 1132 1
125 1922 1
125 1927 1
125 1952 1
126 578 1
126 835 1
126 1042 1
126 1536 1
126 1862 1
127 160 1
127 771 1
127 816 1
127 1506 1
127 1567 1
128 232 1
128 321 1
128 1555 1
128 1829 1
129 462 1
129 566 1
129 856 1
129 1949 1
130 680 1
130 753 1
130 1075 1
130 1234 1
131 1042 1
131 1248 1
131 1379 1
131 1396 1
132 729 1
132 884 1
132 1777 1
133 292 1
134 340 1
134 600 1
134 958 1
134 970 1
134 1569 1
134 1995 1
135 189 1
135 412 1
135 600 1
135 933 1
135 939 1
135 1864 1
136 738 1
136 1535 1
136 1950 1
136 1979 1
137 260 1
137 374 1
137 1275 1
137 1328 1
137 1618 1
138 292 1
138 692 1
138 1064 1
138 1969 1
138 1983 1
139 302 1
139 536 1
139 810 1
139 1077 1
139 1525 1
139 1811 1
140 1478 1
141 834 1
141 868 1
141 1138 1
141 1150 1
142 955 1
143 468 1
143 1400 1
143 1978 1
144 408 1
144 478 1
144 1625 1
144 1642 1
144 1702 1
145 418 1
145 475 1
145 1386 1
145 1635 1
145 1946 1
145 1979 1
146 178 1
146 316 1
146 831 1
146 945 1
146 1111 1
146 1432 1
146 1742 1
146 1844 1
147 415 1
147 732 1
148 494 1
148 682 1
148 781 1
148 1631 1
149 990 1
149 1683 1
150 794 1
150 1623 1
150 1688 1
151 352 1
151 715 1
151 719 1
151 1704 1
151 1739 1
151 1844 1
151 1959 1
152 183 1
152 639 1
152 961 1
152 1898 1
153 195 1
153 213 1
153 504 1
153 783 1
153 1706 1
153 1745 1
153 1762 1
153 1821 1
154 376 1
154 1085 1
154 1801 1
154 1824 1
154 1859 1
155 210 1
155 532 1
155 567 1
155 812 1
155 1138 1
155 1264 1
155 1390 1
155 1693 1
156 386 1
157 228 1
157 632 1
157 869 1
157 1806 1
157 1863 1
158 864 1
158 1394 1
158 1714 1
159 386 1
159 401 1
159 649 1
159 790 1
159 1810 1
159 1963 1
160 662 1
160 1046 1
160 1352 1
161 276 1
161 501 1
162 474 1
162 501 1
162 791 1
162 922 1
163 260 1
163 331 1
163 379 1
163 1281 1
164 907 1
164 1217 1
164 1546 1
164 1927 1
165 344 1
165 387 1
165 471 1
165 778 1
165 1137 1
165 1914 1
166 225 1
166 604 1
166 828 1
166 1367 1
166 1905 1
167 796 1
167 824 1
167 827 1
167 843 1
167 1323 1
167 1560 1
167 1649 1
167 1673 1
168 366 1
168 727 1
169 243 1
169 465 1
169 776 1
169 1299 1
169 1500 1
169 1875 1
169 1887 1
169 1949 1
170 734 1
170 1126 1
171 501 1
171 719 1
171 729 1
171 1092 1
171 1181 1
172 511 1
172 926 1
172 1251 1
172 1291 1
172 1853 1
172 1907 1
173 179 1
173 871 1
173 1000 1
173 1343 1
173 1393 1
173 1508 1
173 1632 1
174 378 1
174 530 1
174 1961 1
175 1237 1
175 1993 1
176 298 1
176 680 1
176 697 1
176 754 1
177 515 1
177 1560 1
177 1745 1
178 404 1
178 1091 1
178 1197 1
179 364 1
179 756 1
179 768 1
179 853 1
179 1516 1
179 1818 1
179 1887 1
180 1535 1
181 759 1
181 1460 1
181 1870 1
181 1899 1
182 234 1
182 803 1
182 1774 1
183 267 1
183 482 1
183 520 1
183 552 1
183 797 1
183 1821 1
183 1969 1
184 1617 1
184 1647 1
184 1923 1
185 773 1
185 1208 1
186 1427 1
186 1590 1
186 1742 1
187 273 1
187 515 1
187 1307 1
187 1500 1
187 1527 1
187 1598 1
188 748 1
188 960 1
188 1160 1
188 1264 1
188 1670 1
188 1722 1
189 831 1
189 910 1
190 784 1
190 821 1
190 1678 1
191 433 1
191 981 1
191 1285 1
191 1440 1
191 1630 1
192 583 1
192 914 1
192 1551 1
192 1567 1
193 928 1
193 1121 1
193 1394 1
193 1420 1
193 1931 1
193 1997 1
194 588 1
194 1332 1
195 330 1
195 555 1
195 1001 1
195 1723 1
196 244 1
196 1216 1
196 1234 1
196 1513 1
197 364 1
197 399 1
197 867 1
197 1246 1
197 1645 1
197 1895 1
198 460 1
198 1725 1
198 1900 1
199 371 1
199 1437 1
200 919 1
200 986 1
200 1028 1
200 1303 1
200 1307 1
200 1326 1
201 367 1
201 657 1
201 1513 1
201 1673 1
201 1748 1
201 1830 1
202 562 1
202 1033 1
202 1249 1
202 1418 1
203 1818 1
204 582 1
204 935 1
204 1299 1
204 1318 1
205 229 1
205 541 1
205 1118 1
205 1866 1
206 540 1
206 1914 1
206 1973 1
207 1537 1
207 1875 1
208 961 1
208 1449 1
208 1450 1
209 343 1
209 863 1
209 1790 1
210 240 1
210 1053 1
210 1741 1
210 1832 1
210 1964 1
211 676 1
211 791 1
211 807 1
211 1404 1
212 269 1
212 491 1
212 494 1
212 554 1
212 584 1
212 917 1
212 1161 1
212 1365 1
212 1885 1
213 1014 1
213 1450 1
213 1628 1
214 236 1
214 408 1
214 792 1
214 1442 1
214 1589 1
214 1663 1
214 1892 1
215 291 1
216 847 1
217 943 1
217 1218 1
218 916 1
218 1085 1
218 1682 1
218 1862 1
218 1944 1
219 1725 1
220 900 1
221 281 1
221 380 1
221 433 1
221 559 1
221 841 1
221 1333 1
221 1356 1
221 1397 1
221 1912 1
222 417 1
222 761 1
222 872 1
222 1293 1
223 477 1
224 1250 1
224 1275 1
224 1316 1
224 1546 1
224 1548 1
225 283 1
225 356 1
225 565 1
225 581 1
225 603 1
225 604 1
225 1876 1
226 334 1
226 491 1
226 1547 1
227 678 1
227 699 1
227 901 1
227 1237 1
227 1357 1
227 1463 1
227 1494 1
227 1580 1
228 974 1
228 1770 1
229 801 1
229 1199 1
229 1605 1
230 1986 1
231 357 1
231 852 1
231 1801 1
232 352 1
232 560 1
233 624 1
233 1534 1
234 791 1
234 1155 1
234 1167 1
234 1695 1
234 1929 1
235 650 1
235 932 1
235 1093 1
235 1219 1
235 1328 1
236 430 1
236 464 1
236 700 1
236 1107 1
237 1838 1
237 1993 1
238 1762 1
239 330 1
239 464 1
239 777 1
239 1164 1
239 1328 1
239 1868 1
241 260 1
241 484 1
241 649 1
241 1607 1
241 1928 1
242 565 1
242 1073 1
243 274 1
243 788 1
243 898 1
243 931 1
243 942 1
243 1083 1
243 1168 1
243 1765 1
243 1881 1
244 857 1
244 877 1
244 916 1
244 1619 1
245 260 1
245 365 1
245 513 1
245 1929 1
246 387 1
246 643 1
246 1070 1
246 1293 1
246 1353 1
246 1359 1
246 1364 1
246 1732 1
246 1941 1
247 989 1
247 1015 1
247 1723 1
247 1768 1
247 1923 1
248 252 1
248 470 1
248 837 1
248 1529 1
249 847 1
249 952 1
249 1864 1
250 1723 1
250 1918 1
251 543 1
251 1328 1
251 1977 1
252 488 1
252 894 1
252 986 1
253 937 1
253 1076 1
254 721 1
254 809 1
254 1510 1
255 334 1
255 997 1
255 1297 1
255 1395 1
255 1572 1
255 1724 1
255 1746 1
256 1404 1
256 1903 1
257 644 1
257 878 1
257 988 1
257 1144 1
257 1200 1
257 1284 1
257 1367 1
258 272 1
258 552 1
258 1290 1
258 1410 1
258 1509 1
259 1346 1
260 362 1
260 1344 1
260 1435 1
260 1609 1
261 737 1
261 1186 1
261 1505 1
261 1926 1
262 799 1
262 1088 1
262 1095 1
262 1500 1
263 1242 1
263 1793 1
263 1831 1
264 563 1
264 778 1
264 1607 1
265 758 1
265 1209 1
265 1437 1
265 1808 1
265 1912 1
266 450 1
266 547 1
266 700 1
266 735 1
266 774 1
266 1044 1
266 1423 1
267 302 1
267 763 1
267 1138 1
267 1260 1
267 1500 1
268 946 1
268 958 1
268 1954 1
269 451 1
270 378 1
270 528 1
270 1742 1
271 761 1
271 884 1
272 1243 1
272 1309 1
272 1612 1
273 980 1
273 1360 1
273 1517 1
273 1962 1
274 642 1
274 1157 1
274 1208 1
275 430 1
276 383 1
276 838 1
276 1356 1
276 1963 1
277 1237 1
277 1347 1
277 1959 1
277 1964 1
278 988 1
278 1146 1
278 1410 1
278 1948 1
279 757 1
279 1049 1
279 1199 1
280 636 1
280 1081 1
280 1496 1
280 1891 1
281 945 1
281 1327 1
282 771 1
282 1195 1
282 1943 1
283 1077 1
283 1276 1
283 1354 1
283 1623 1
283 1870 1
283 1940 1
284 430 1
284 1998 1
285 431 1
285 1810 1
286 382 1
286 443 1
286 672 1
286 758 1
286 997 1
286 1631 1
287 1299 1
287 1866 1
288 1000 1
288 1261 1
288 1575 1
288 1735 1
288 1907 1
289 305 1
289 1406 1
290 309 1
290 608 1
290 1108 1
290 1567 1
291 706 1
291 976 1
291 1623 1
292 1098 1
292 1727 1
293 339 1
293 1312 1
293 1839 1
293 1903 1
294 331 1
294 358 1
294 416 1
294 717 1
296 680 1
296 940 1
296 1362 1
296 1820 1
297 329 1
297 958 1
297 1619 1
297 1855 1
298 484 1
298 735 1
298 815 1
298 1556 1
299 1095 1
299 1983 1
300 1567 1
301 476 1
301 997 1
301 1946 1
302 313 1
303 748 1
303 1742 1
303 1964 1
304 1774 1
304 1918 1
305 547 1
305 1302 1
305 1340 1
305 1696 1
305 1773 1
305 1928 1
305 1996 1
306 792 1
306 1282 1
308 590 1
309 648 1
309 902 1
309 967 1
309 1301 1
309 1533 1
310 1359 1
311 777 1
311 974 1
312 1250 1
313 1282 1
314 481 1
314 658 1
314 1216 1
315 699 1
315 901 1
315 1359 1
315 1368 1
315 1632 1
315 1794 1
315 1995 1
316 994 1
316 1175 1
316 1329 1
316 1702 1
317 1080 1
317 1448 1
318 1421 1
318 1787 1
319 687 1
319 926 1
319 1047 1
319 1110 1
320 895 1
320 1402 1
320 1960 1
321 1858 1
321 1963 1
321 1993 1
322 622 1
322 1137 1
322 1491 1
323 1066 1
323 1369 1
324 718 1
324 1429 1
324 1442 1
324 1593 1
324 1797 1
324 1868 1
325 420 1
326 801 1
326 881 1
327 379 1
327 676 1
327 798 1
327 1200 1
327 1488 1
327 1549 1
327 1779 1
327 1847 1
327 1907 1
327 1956 1
328 678 1
328 1706 1
328 1778 1
329 1447 1
329 1967 1
330 1260 1
330 1872 1
331 1492 1
332 619 1
332 657 1
332 1181 1
332 1349 1
332 1578 1
332 1768 1
332 1804 1
332 1950 1
333 1561 1
334 498 1
334 1426 1
334 1841 1
335 1254 1
335 1472 1
335 1742 1
336 585 1
336 1550 1
336 1591 1
338 815 1
338 1175 1
338 1231 1
340 537 1
340 742 1
340 1512 1
340 1624 1
341 486 1
341 889 1
341 954 1
342 1285 1
343 565 1
343 824 1
343 1343 1
343 1633 1
343 1836 1
343 1887 1
344 616 1
344 639 1
346 661 1
346 1168 1
346 1200 1
346 1255 1
347 520 1
347 866 1
347 1811 1
348 529 1
348 1294 1
349 875 1
349 1156 1
350 470 1
350 488 1
350 695 1
351 572 1
351 1165 1
352 897 1
353 578 1
353 882 1
354 1057 1
354 1375 1
355 1421 1
355 1762 1
355 1861 1
356 495 1
356 1910 1
357 708 1
357 714 1
358 630 1
358 649 1
358 682 1
358 1648 1
359 1519 1
359 1845 1
360 1631 1
361 773 1
361 1154 1
361 1261 1
362 813 1
362 893 1
362 958 1
362 1015 1
362 1498 1
363 1314 1
363 1518 1
363 1520 1
363 1825 1
363 1952 1
364 601 1
364 1832 1
365 1274 1
366 787 1
366 1664 1
366 1756 1
367 733 1
367 1341 1
367 1976 1
368 773 1
368 856 1
368 1415 1
369 862 1
369 1585 1
369 1797 1
370 547 1
370 984 1
370 1493 1
370 1827 1
370 1999 1
371 466 1
371 1728 1
372 533 1
372 941 1
373 678 1
373 693 1
373 1050 1
374 531 1
374 1090 1
374 1315 1
375 1394 1
375 1495 1
375 1890 1
375 1912 1
377 1075 1
378 516 1
378 1102 1
378 1624 1
378 1809 1
379 567 1
379 812 1
379 814 1
380 1886 1
380 1958 1
381 559 1
381 1223 1
381 1272 1
381 1477 1
381 1885 1
382 477 1
382 755 1
382 831 1
382 997 1
382 1989 1
383 445 1
383 589 1
383 1117 1
384 624 1
384 787 1
384 1275 1
384 1330 1
384 1470 1
385 408 1
385 495 1
385 720 1
385 722 1
386 705 1
386 1345 1
386 1354 1
386 1667 1
386 1713 1
386 1848 1
386 1866 1
387 1291 1
388 819 1
388 844 1
388 1678 1
389 879 1
389 1012 1
389 1101 1
389 1300 1
389 1883 1
389 1904 1
390 1172 1
390 1359 1
390 1384 1
391 1373 1
391 1950 1
391 1994 1
392 477 1
393 689 1
393 707 1
393 935 1
393 1224 1
393 1752 1
394 1270 1
394 1826 1
395 1367 1
395 1728 1
396 572 1
396 650 1
396 685 1
396 850 1
396 1706 1
397 842 1
397 1590 1
397 1819 1
398 1153 1
398 1447 1
398 1879 1
399 447 1
399 707 1
399 741 1
399 941 1
399 1038 1
399 1125 1
399 1284 1
400 450 1
400 826 1
400 1438 1
401 856 1
401 1204 1
401 1308 1
401 1364 1
401 1763 1
401 1898 1
402 698 1
402 1329 1
403 568 1
403 1185 1
403 1832 1
404 458 1
404 580 1
404 808 1
404 1038 1
404 1188 1
404 1439 1
404 1494 1
404 1515 1
404 1655 1
405 443 1
405 1397 1
405 1585 1
406 464 1
406 947 1
407 696 1
407 742 1
407 889 1
407 896 1
407 1341 1
407 1703 1
408 750 1
409 504 1
409 704 1
409 1293 1
409 1531 1
410 776 1
410 902 1
410 995 1
410 1103 1
410 1523 1
411 925 1
411 1054 1
411 1067 1
411 1947 1
412 524 1
412 1115 1
412 1540 1
413 1827 1
415 1455 1
415 1572 1
417 627 1
417 692 1
417 875 1
417 1023 1
417 1035 1
417 1405 1
418 899 1
418 1276 1
418 1529 1
419 513 1
419 819 1
419 976 1
419 1075 1
419 1880 1
420 1444 1
420 1707 1
420 1876 1
421 493 1
421 1694 1
421 1823 1
421 1980 1
422 1025 1
422 1248 1
422 1748 1
423 616 1
423 721 1
423 1405 1
423 1872 1
424 1988 1
425 946 1
425 1625 1
426 1565 1
427 437 1
427 740 1
427 805 1
427 1651 1
427 1704 1
427 1782 1
427 1811 1
428 915 1
428 1242 1
428 1278 1
428 1628 1
428 1857 1
429 530 1
429 735 1
429 790 1
429 869 1
429 946 1
429 1042 1
429 1713 1
430 865 1
430 1600 1
430 1618 1
430 1754 1
431 779 1
431 1547 1
431 1609 1
432 512 1
432 876 1
432 1688 1
433 686 1
433 1058 1
433 1522 1
434 448 1
434 1824 1
435 621 1
435 1482 1
435 1866 1
435 1928 1
436 481 1
436 534 1
436 1211 1
437 1960 1
438 1306 1
438 1665 1
438 1975 1
439 679 1
439 979 1
439 1568 1
439 1866 1
440 785 1
440 1798 1
441 614 1
441 664 1
441 1830 1
442 667 1
442 800 1
442 974 1
442 1323 1
443 850 1
443 1096 1
443 1678 1
444 801 1
444 1353 1
445 477 1
445 560 1
445 730 1
445 1446 1
446 707 1
446 1411 1
447 541 1
447 1335 1
447 1504 1
448 1083 1
448 1619 1
448 1902 1
448 1955 1
450 1543 1
451 1158 1
451 1823 1
451 1956 1
452 838 1
452 1955 1
452 1993 1
453 1371 1
454 1148 1
454 1696 1
455 566 1
455 734 1
455 1355 1
455 1371 1
455 1539 1
455 1756 1
456 596 1
456 972 1
456 1673 1
456 1931 1
457 927 1
457 1211 1
457 1617 1
457 1701 1
457 1714 1
457 1810 1
457 1869 1
458 982 1
458 1859 1
459 568 1
459 877 1
459 884 1
459 1274 1
459 1288 1
459 1561 1
460 1325 1
460 1362 1
460 1800 1
461 869 1
461 1227 1
461 1541 1
461 1751 1
461 1796 1
462 508 1
462 696 1
462 1116 1
462 1237 1
462 1739 1
463 504 1
463 901 1
463 1486 1
463 1876 1
463 1908 1
464 1136 1
464 1449 1
464 1865 1
465 988 1
465 1737 1
467 1194 1
468 620 1
468 733 1
468 1124 1
468 1874 1
469 651 1
469 1370 1
469 1430 1
469 1642 1
470 864 1
470 1337 1
470 1400 1
470 1665 1
470 1925 1
471 808 1
471 871 1
471 944 1
471 1850 1
472 1028 1
472 1661 1
472 1875 1
473 1552 1
474 553 1
474 1020 1
475 966 1
475 1141 1
475 1170 1
476 1249 1
476 1420 1
477 1132 1
477 1424 1
477 1959 1
478 1788 1
478 1911 1
479 1851 1
479 1908 1
480 876 1
480 1125 1
480 1804 1
481 767 1
481 1376 1
482 971 1
482 1163 1
482 1467 1
482 1727 1
483 1106 1
483 1777 1
484 856 1
484 985 1
484 1072 1
484 1235 1
485 811 1
485 932 1
485 1631 1
486 586 1
487 970 1
488 648 1
488 1722 1
488 1908 1
489 628 1
489 1913 1
490 788 1
490 1118 1
490 1658 1
491 756 1
491 824 1
491 1131 1
491 1617 1
492 691 1
492 1111 1
492 1446 1
492 1930 1
493 983 1
493 1330 1
494 794 1
494 1074 1
494 1350 1
494 1784 1
494 1883 1
494 1972 1
495 1006 1
496 833 1
496 854 1
496 1348 1
496 1353 1
497 1010 1
498 847 1
498 1048 1
498 1559 1
498 1859 1
499 947 1
499 965 1
499 1206 1
499 1559 1
500 1080 1
500 1314 1
500 1506 1
501 537 1
501 587 1
501 1598 1
501 1676 1
502 822 1
502 1140 1
502 1570 1
503 683 1
503 691 1
503 880 1
503 1358 1
503 1840 1
503 1911 1
504 630 1
504 754 1
504 1128 1
504 1197 1
505 509 1
505 868 1
505 923 1
505 1724 1
506 790 1
507 742 1
507 1192 1
507 1466 1
508 510 1
508 581 1
508 1396 1
509 686 1
509 1104 1
509 1362 1
510 1323 1
511 886 1
511 1227 1
511 1727 1
512 684 1
512 735 1
512 1492 1
513 814 1
513 1001 1
513 1673 1
514 710 1
514 820 1
514 830 1
514 836 1
514 1244 1
514 1595 1
514 1925 1
515 990 1
515 1726 1
516 1000 1
516 1453 1
516 1463 1
517 705 1
517 1994 1
518 1832 1
519 625 1
519 1019 1
520 1285 1
520 1599 1
521 1009 1
521 1419 1
521 1772 1
523 620 1
523 1328 1
523 1719 1
523 1797 1
523 1825 1
523 1828 1
523 1843 1
523 1923 1
524 1008 1
525 608 1
525 1243 1
525 1457 1
526 731 1
526 1443 1
527 732 1
527 1150 1
527 1274 1
527 1922 1
527 1986 1
528 1948 1
529 868 1
529 1393 1
529 1703 1
529 1825 1
530 1672 1
531 1159 1
531 1211 1
531 1917 1
532 756 1
532 1362 1
532 1459 1
532 1601 1
532 1923 1
533 878 1
533 884 1
533 1208 1
533 1291 1
533 1486 1
534 883 1
534 920 1
534 1002 1
534 1257 1
535 605 1
535 822 1
535 1001 1
535 1490 1
536 1318 1
536 1539 1
536 1728 1
536 1966 1
537 702 1
537 823 1
537 984 1
537 1655 1
537 1914 1
538 704 1
538 1471 1
540 669 1
540 1536 1
540 1707 1
540 1955 1
540 1986 1
541 1134 1
541 1801 1
541 1805 1
541 1909 1
542 785 1
543 672 1
543 890 1
544 935 1
544 1639 1
544 1751 1
546 986 1
547 1944 1
548 576 1
548 1292 1
548 1317 1
548 1341 1
548 1407 1
548 1483 1
549 638 1
549 1280 1
549 1609 1
549 1648 1
550 1030 1
550 1673 1
550 1694 1
550 1811 1
550 1873 1
551 1184 1
551 1900 1
552 836 1
552 1134 1
552 1472 1
552 1904 1
554 1171 1
554 1386 1
554 1982 1
555 1340 1
556 805 1
556 898 1
556 1593 1
556 1795 1
556 1814 1
557 915 1
557 1848 1
558 772 1
558 806 1
558 897 1
558 1002 1
558 1007 1
558 1518 1
558 1714 1
559 833 1
559 891 1
559 1177 1
559 1711 1
559 1775 1
560 792 1
560 832 1
560 1108 1
561 1482 1
562 689 1
562 1033 1
562 1410 1
562 1842 1
563 1146 1
564 579 1
564 1234 1
564 1299 1
564 1304 1
564 1968 1
565 932 1
565 1235 1
566 1131 1
567 858 1
567 981 1
567 1417 1
567 1768 1
568 809 1
568 1050 1
569 1388 1
569 1713 1
569 1848 1
570 612 1
571 678 1
571 1218 1
572 1217 1
572 1415 1
573 732 1
574 722 1
574 792 1
574 965 1
574 1425 1
574 1818 1
575 851 1
575 1449 1
576 1257 1
576 1310 1
577 610 1
577 1113 1
577 1244 1
578 960 1
578 1228 1
578 1864 1
579 810 1
579 968 1
579 994 1
580 1391 1
580 1739 1
581 1356 1
581 1818 1
582 1061 1
582 1141 1
582 1236 1
582 1337 1
582 1348 1
582 1363 1
582 1643 1
582 1898 1
582 1996 1
583 873 1
583 1138 1
583 1651 1
583 1908 1
584 745 1
584 793 1
584 1139 1
584 1562 1
584 1582 1
584 1902 1
585 637 1
585 818 1
585 1549 1
586 1470 1
587 719 1
587 1103 1
587 1774 1
588 968 1
589 1068 1
589 1286 1
589 1677 1
590 1383 1
590 1456 1
590 1657 1
590 1915 1
592 601 1
592 1214 1
592 1255 1
592 1566 1
593 931 1
593 962 1
593 980 1
593 1287 1
593 1297 1
593 1818 1
594 1383 1
594 1575 1
595 903 1
595 953 1
595 1583 1
595 1707 1
596 1488 1
596 1617 1
596 1783 1
597 1458 1
597 1468 1
598 792 1
598 1147 1
599 977 1
599 1177 1
599 1328 1
599 1777 1
602 742 1
602 755 1
602 954 1
602 1579 1
602 1595 1
603 1510 1
604 1023 1
604 1343 1
604 1545 1
605 1607 1
607 644 1
607 693 1
607 732 1
607 1089 1
608 1783 1
608 1989 1
609 1233 1
609 1560 1
611 1075 1
611 1248 1
611 1573 1
612 1095 1
612 1467 1
612 1641 1
612 1705 1
612 1792 1
612 1830 1
613 1645 1
614 1299 1
614 1767 1
614 1900 1
615 703 1
615 1260 1
616 672 1
616 720 1
616 1770 1
616 1842 1
616 1859 1
617 686 1
617 1370 1
617 1573 1
617 1858 1
617 1888 1
618 1070 1
619 1007 1
619 1013 1
619 1563 1
619 1756 1
619 1816 1
619 1854 1
620 680 1
620 1244 1
620 1957 1
621 765 1
621 917 1
621 1527 1
621 1705 1
622 973 1
623 650 1
623 738 1
623 1356 1
624 1323 1
624 1988 1
625 845 1
625 1005 1
625 1229 1
625 1566 1
625 1711 1
625 1787 1
625 1882 1
626 807 1
626 931 1
626 1576 1
626 1891 1
627 945 1
627 971 1
627 1693 1
627 1701 1
628 946 1
628 1126 1
628 1783 1
629 684 1
629 1040 1
630 1208 1
630 1296 1
630 1892 1
631 881 1
631 1030 1
631 1098 1
631 1211 1
631 1754 1
632 932 1
633 708 1
633 865 1
633 899 1
633 1160 1
633 1344 1
633 1380 1
633 1675 1
634 1063 1
634 1091 1
634 1112 1
635 1729 1
635 1902 1
636 664 1
636 896 1
636 1310 1
636 1845 1
636 1860 1
636 1872 1
637 858 1
637 1112 1
637 1414 1
637 1434 1
637 1971 1
638 1205 1
638 1404 1
639 698 1
639 1776 1
640 944 1
641 955 1
641 1192 1
641 1626 1
641 1788 1
642 685 1
642 784 1
642 1172 1
642 1194 1
642 1281 1
642 1987 1
643 1066 1
643 1755 1
643 1825 1
644 789 1
644 1010 1
644 1052 1
644 1468 1
644 1743 1
644 1810 1
645 1800 1
645 1803 1
646 720 1
646 1283 1
646 1461 1
646 1849 1
646 1917 1
647 1014 1
647 1130 1
647 1451 1
647 1768 1
647 1824 1
647 1859 1
647 1863 1
648 803 1
648 1783 1
649 742 1
650 1087 1
651 1216 1
651 1464 1
652 993 1
653 1281 1
654 1102 1
654 1913 1
655 1240 1
655 1473 1
655 1879 1
656 1605 1
656 1824 1
657 1793 1
658 741 1
658 1374 1
659 715 1
659 902 1
659 1196 1
659 1563 1
659 1721 1
660 1478 1
660 1525 1
660 1728 1
660 1986 1
661 1661 1
661 1761 1
662 730 1
662 1276 1
662 1335 1
662 1817 1
663 971 1
663 1206 1
663 1256 1
663 1448 1
665 868 1
665 1503 1
665 1557 1
665 1978 1
666 672 1
666 675 1
666 942 1
666 1211 1
666 1817 1
666 1863 1
667 803 1
667 1070 1
667 1855 1
668 734 1
668 987 1
668 1367 1
668 1870 1
668 1935 1
669 897 1
669 1233 1
670 822 1
670 1633 1
670 1788 1
670 1972 1
671 978 1
671 1431 1
672 1436 1
672 1813 1
673 1977 1
674 991 1
674 1220 1
674 1420 1
674 1745 1
674 1888 1
675 1873 1
676 856 1
676 1006 1
676 1663 1
677 860 1
677 960 1
677 1473 1
678 1170 1
678 1695 1
679 1146 1
679 1173 1
679 1496 1
680 1401 1
680 1856 1
681 1247 1
682 1168 1
682 1591 1
683 1646 1
683 1914 1
684 1772 1
684 1911 1
685 1250 1
685 1353 1
685 1584 1
685 1608 1
685 1694 1
686 721 1
686 1047 1
686 1114 1
686 1652 1
687 1081 1
687 1100 1
687 1997 1
688 1051 1
688 1272 1
688 1324 1
689 1334 1
690 710 1
691 1693 1
692 863 1
692 1067 1
692 1411 1
692 1798 1
693 982 1
693 1757 1
693 1989 1
693 1992 1
694 907 1
694 1097 1
694 1377 1
694 1692 1
695 911 1
695 1138 1
695 1803 1
696 1030 1
696 1122 1
696 1908 1
696 1941 1
696 1979 1
697 714 1
697 1524 1
699 703 1
699 738 1
699 1396 1
699 1734 1
699 1748 1
699 1818 1
699 1834 1
700 1410 1
701 867 1
701 1712 1
701 1915 1
702 743 1
702 1868 1
704 1218 1
704 1287 1
705 1091 1
705 1709 1
706 1755 1
707 997 1
707 1727 1
708 1293 1
708 1397 1
709 1275 1
710 1428 1
710 1608 1
710 1822 1
710 1977 1
711 1145 1
711 1957 1
711 1967 1
712 1266 1
712 1465 1
712 1510 1
712 1678 1
713 1067 1
714 988 1
716 1529 1
717 1228 1
717 1967 1
718 1003 1
718 1554 1
718 1758 1
718 1988 1
719 726 1
719 782 1
719 1101 1
719 1690 1
720 1144 1
720 1599 1
720 1732 1
721 1133 1
721 1250 1
721 1301 1
721 1355 1
722 1321 1
722 1736 1
723 1077 1
723 1148 1
723 1409 1
723 1793 1
724 1068 1
724 1489 1
724 1892 1
724 1985 1
726 737 1
726 1001 1
726 1194 1
726 1551 1
726 1831 1
727 770 1
727 1273 1
727 1462 1
727 1626 1
728 836 1
728 1249 1
729 1308 1
730 857 1
730 859 1
730 1529 1
730 1762 1
731 1241 1
731 1663 1
732 1367 1
732 1650 1
733 1410 1
733 1741 1
733 1806 1
734 961 1
734 1938 1
734 1959 1
736 806 1
736 855 1
736 894 1
736 1467 1
736 1832 1
737 976 1
737 1428 1
739 876 1
739 1759 1
739 1821 1
739 1903 1
740 811 1
740 1547 1
740 1676 1
741 806 1
741 1380 1
743 864 1
743 1239 1
744 819 1
744 1163 1
744 1588 1
744 1747 1
745 840 1
745 982 1
745 994 1
745 1093 1
745 1433 1
746 1124 1
746 1148 1
746 1481 1
746 1593 1
746 1616 1
747 1105 1
747 1564 1
747 1790 1
747 1986 1
748 847 1
748 895 1
748 1591 1
749 1150 1
749 1352 1
749 1904 1
750 988 1
750 1548 1
750 1792 1
750 1966 1
751 1468 1
752 796 1
752 1482 1
752 1744 1
753 1633 1
754 1406 1
754 1609 1
754 1883 1
755 980 1
755 1379 1
756 919 1
756 1843 1
757 1271 1
757 1364 1
757 1748 1
757 1991 1
758 787 1
758 932 1
758 1061 1
758 1629 1
758 1897 1
759 1127 1
759 1551 1
760 1082 1
760 1460 1
760 1900 1
761 910 1
761 1020 1
761 1430 1
761 1615 1
762 1404 1
762 1761 1
764 835 1
765 1061 1
765 1084 1
765 1235 1
765 1725 1
766 768 1
766 1006 1
766 1307 1
766 1726 1
767 777 1
767 1819 1
768 1048 1
768 1640 1
769 1113 1
769 1168 1
769 1830 1
770 1727 1
771 1626 1
771 1690 1
772 832 1
773 1103 1
773 1503 1
774 783 1
774 1981 1
775 1401 1
775 1746 1
776 796 1
776 986 1
777 1074 1
777 1113 1
777 1557 1
777 1686 1
779 1820 1
781 1524 1
781 1666 1
781 1965 1
782 848 1
782 1279 1
782 1822 1
782 1945 1
782 1955 1
783 828 1
783 1333 1
783 1995 1
784 920 1
784 1738 1
785 847 1
785 1423 1
786 1011 1
786 1171 1
786 1271 1
786 1720 1
786 1848 1
787 1684 1
787 1941 1
788 1379 1
789 1539 1
790 1234 1
791 897 1
793 808 1
793 809 1
793 857 1
793 879 1
793 1437 1
794 1907 1
794 1995 1
795 888 1
795 1218 1
795 1260 1
795 1334 1
795 1907 1
795 1942 1
796 1685 1
798 906 1
799 810 1
799 1122 1
800 1130 1
800 1176 1
800 1406 1
801 1107 1
801 1461 1
802 826 1
802 1275 1
802 1394 1
803 957 1
803 1099 1
803 1750 1
803 1889 1
803 1905 1
804 820 1
804 1531 1
805 843 1
805 1082 1
805 1279 1
805 1334 1
806 853 1
807 1008 1
807 1379 1
807 1971 1
809 857 1
809 1844 1
810 1413 1
811 1315 1
811 1531 1
811 1653 1
811 1922 1
812 913 1
812 1628 1
813 1208 1
813 1919 1
814 1092 1
815 861 1
815 962 1
815 970 1
815 1153 1
815 1762 1
816 936 1
816 1362 1
816 1802 1
817 1297 1
817 1382 1
817 1741 1
817 1768 1
818 1129 1
818 1324 1
818 1432 1
818 1663 1
819 831 1
819 1858 1
820 1113 1
820 1766 1
821 1590 1
822 900 1
822 1288 1
822 1801 1
822 1845 1
823 1128 1
823 1442 1
824 1003 1
824 1748 1
825 1075 1
826 1268 1
827 1866 1
828 1289 1
829 997 1
829 1225 1
829 1474 1
829 1895 1
829 1960 1
831 957 1
831 1506 1
831 1821 1
831 1872 1
832 850 1
832 960 1
834 1034 1
835 839 1
835 975 1
835 1313 1
836 987 1
836 1077 1
836 1544 1
837 1025 1
837 1208 1
837 1455 1
837 1472 1
837 1501 1
837 1797 1
839 856 1
839 1015 1
839 1161 1
839 1778 1
839 1854 1
840 1016 1
840 1457 1
840 1459 1
840 1811 1
841 849 1
841 1074 1
842 1317 1
842 1329 1
843 971 1
843 1049 1
844 976 1
845 1489 1
845 1818 1
846 1025 1
846 1062 1
846 1160 1
847 1788 1
848 1053 1
848 1194 1
850 1991 1
851 1231 1
851 1466 1
851 1679 1
852 1367 1
853 1571 1
853 1761 1
855 1083 1
855 1486 1
855 1803 1
855 1868 1
855 1947 1
856 1346 1
859 997 1
859 1119 1
860 898 1
861 1088 1
861 1111 1
862 1470 1
862 1826 1
863 1136 1
863 1273 1
863 1918 1
864 1311 1
864 1707 1
865 1137 1
865 1345 1
865 1572 1
865 1663 1
866 911 1
866 1172 1
866 1641 1
866 1746 1
867 1477 1
867 1539 1
868 1683 1
868 1703 1
868 1794 1
869 1612 1
869 1691 1
869 1887 1
869 1908 1
870 1051 1
870 1293 1
871 1433 1
871 1601 1
871 1870 1
872 1052 1
872 1264 1
873 1305 1
873 1370 1
874 1267 1
874 1708 1
874 1923 1
875 1411 1
875 1580 1
875 1796 1
876 1385 1
876 1585 1
876 1633 1
876 1711 1
877 1288 1
877 1452 1
878 1164 1
878 1913 1
880 1090 1
880 1137 1
880 1437 1
880 1638 1
881 960 1
881 974 1
882 1106 1
882 1622 1
882 1793 1
883 1415 1
884 1531 1
885 1867 1
886 1168 1
886 1854 1
887 991 1
887 1254 1
887 1899 1
888 1442 1
888 1585 1
888 1615 1
888 1622 1
889 1048 1
889 1051 1
889 1432 1
889 1486 1
889 1523 1
890 1183 1
890 1722 1
891 1481 1
891 1721 1
891 1789 1
892 1744 1
893 1237 1
893 1281 1
893 1319 1
893 1688 1
894 951 1
895 936 1
895 1193 1
895 1972 1
896 1360 1
896 1729 1
897 942 1
897 952 1
897 1283 1
897 1716 1
898 1442 1
898 1453 1
898 1487 1
898 1491 1
899 984 1
899 1110 1
899 1437 1
899 1599 1
901 990 1
901 1009 1
902 1963 1
903 1208 1
903 1989 1
904 1391 1
904 1908 1
905 1210 1
906 1174 1
907 954 1
907 1160 1
907 1729 1
908 1276 1
908 1291 1
908 1648 1
908 1898 1
909 1852 1
909 1871 1
910 1046 1
911 996 1
911 1521 1
911 1855 1
912 1180 1
912 1378 1
912 1501 1
912 1520 1
912 1824 1
913 1219 1
913 1340 1
913 1605 1
913 1806 1
913 1912 1
913 1926 1
914 1513 1
915 1246 1
915 1691 1
916 1555 1
916 1933 1
917 991 1
918 1408 1
918 1594 1
919 1129 1
919 1631 1
919 1985 1
920 1066 1
920 1227 1
921 1752 1
922 1553 1
922 1955 1
922 1965 1
923 1999 1
924 1122 1
926 1597 1
927 941 1
927 959 1
927 980 1
927 1027 1
928 1068 1
929 981 1
929 1584 1
929 1926 1
930 1193 1
932 984 1
932 1012 1
932 1546 1
932 1891 1
933 1075 1
933 1860 1
934 980 1
934 1363 1
934 1559 1
935 1380 1
935 1737 1
935 1757 1
935 1855 1
936 1086 1
936 1141 1
936 1429 1
936 1802 1
938 1201 1
938 1669 1
939 1426 1
939 1491 1
939 1638 1
941 1288 1
941 1289 1
941 1392 1
942 1330 1
942 1431 1
942 1644 1
943 1198 1
943 1402 1
945 1232 1
946 1154 1
946 1498 1
947 977 1
947 1518 1
947 1779 1
948 1029 1
948 1264 1
948 1382 1
948 1542 1
948 1589 1
948 1934 1
949 1036 1
949 1592 1
950 1026 1
950 1654 1
950 1715 1
951 1039 1
951 1850 1
951 1926 1
951 1953 1
952 1169 1
952 1372 1
952 1466 1
952 1477 1
952 1478 1
952 1533 1
952 1875 1
953 1044 1
953 1096 1
953 1195 1
953 1471 1
953 1532 1
953 1633 1
954 1215 1
954 1347 1
954 1532 1
954 1652 1
954 1995 1
955 1498 1
955 1760 1
957 1138 1
957 1233 1
957 1293 1
957 1427 1
957 1694 1
958 1248 1
958 1449 1
958 1966 1
959 1057 1
959 1206 1
959 1576 1
959 1595 1
959 1598 1
959 1785 1
960 1016 1
960 1953 1
961 1343 1
961 1825 1
962 1210 1
962 1429 1
962 1515 1
962 1720 1
962 1801 1
962 1979 1
963 1397 1
963 1691 1
963 1953 1
964 1032 1
964 1751 1
964 1884 1
964 1946 1
965 1243 1
965 1815 1
966 1476 1
967 1313 1
967 1630 1
967 1915 1
968 1796 1
969 1716 1
970 1309 1
970 1441 1
970 1665 1
970 1675 1
971 1156 1
971 1403 1
971 1697 1
973 1095 1
973 1405 1
974 1001 1
974 1627 1
974 1860 1
976 1603 1
976 1992 1
977 1190 1
978 1097 1
978 1119 1
978 1136 1
978 1165 1
978 1777 1
979 1558 1
980 1250 1
980 1272 1
980 1335 1
980 1730 1
980 1864 1
981 1382 1
981 1576 1
981 1910 1
982 1385 1
982 1457 1
982 1569 1
983 1064 1
983 1258 1
983 1309 1
983 1459 1
983 1493 1
983 1710 1
984 1601 1
984 1849 1
985 1899 1
985 1919 1
986 1631 1
986 1750 1
986 1846 1
987 1523 1
988 1026 1
988 1069 1
988 1574 1
989 1061 1
989 1163 1
990 1132 1
991 1220 1
991 1684 1
992 1257 1
992 1973 1
992 1987 1
994 1174 1
994 1624 1
994 1856 1
995 1616 1
996 1002 1
996 1404 1
996 1731 1
996 1803 1
997 1829 1
998 1580 1
999 1669 1
999 1906 1
999 1962 1
1000 1413 1
1001 1362 1
1001 1634 1
1003 1499 1
1003 1563 1
1004 1244 1
1004 1277 1
1004 1313 1
1004 1501 1
1004 1612 1
1005 1035 1
1005 1117 1
1005 1812 1
1006 1220 1
1006 1472 1
1008 1053 1
1008 1083 1
1008 1654 1
1008 1707 1
1008 1893 1
1009 1785 1
1010 1166 1
1010 1620 1
1010 1869 1
1010 1961 1
1011 1697 1
1011 1853 1
1012 1077 1
1012 1697 1
1012 1791 1
1012 1991 1
1013 1933 1
1014 1803 1
1015 1042 1
1015 1554 1
1016 1930 1
1017 1118 1
1017 1887 1
1019 1306 1
1019 1733 1
1020 1443 1
1021 1216 1
1021 1586 1
1022 1583 1
1023 1416 1
1023 1426 1
1024 1122 1
1024 1377 1
1025 1217 1
1025 1837 1
1026 1493 1
1026 1591 1
1027 1355 1
1027 1718 1
1027 1746 1
1027 1768 1
1027 1865 1
1027 1944 1
1028 1257 1
1028 1539 1
1029 1227 1
1029 1527 1
1030 1042 1
1030 1453 1
1030 1851 1
1031 1072 1
1032 1251 1
1033 1086 1
1033 1216 1
1033 1286 1
1033 1956 1
1035 1651 1
1036 1070 1
1036 1302 1
1037 1098 1
1037 1159 1
1037 1225 1
1037 1585 1
1037 1805 1
1038 1709 1
1038 1798 1
1039 1356 1
1039 1674 1
1039 1973 1
1040 1849 1
1041 1192 1
1041 1361 1
1042 1226 1
1042 1321 1
1044 1320 1
1044 1585 1
1044 1609 1
1045 1071 1
1045 1334 1
1045 1343 1
1045 1349 1
1045 1942 1
1046 1195 1
1047 1172 1
1047 1847 1
1048 1623 1
1048 1849 1
1051 1281 1
1051 1467 1
1051 1573 1
1053 1091 1
1053 1243 1
1054 1960 1
1055 1476 1
1056 1407 1
1056 1602 1
1057 1099 1
1057 1267 1
1057 1309 1
1057 1957 1
1058 1392 1
1058 1631 1
1058 1651 1
1058 1917 1
1061 1278 1
1061 1292 1
1062 1640 1
1062 1813 1
1062 1964 1
1064 1156 1
1064 1532 1
1065 1383 1
1068 1346 1
1068 1688 1
1069 1164 1
1069 1413 1
1069 1635 1
1070 1285 1
1070 1622 1
1071 1376 1
1072 1075 1
1072 1101 1
1072 1687 1
1072 1935 1
1072 1971 1
1074 1640 1
1075 1872 1
1076 1200 1
1076 1390 1
1077 1134 1
1077 1341 1
1078 1705 1
1079 1344 1
1079 1368 1
1080 1427 1
1080 1547 1
1081 1598 1
1081 1748 1
1081 1910 1
1081 1922 1
1082 1904 1
1083 1319 1
1083 1357 1
1083 1388 1
1084 1301 1
1086 1256 1
1086 1279 1
1087 1348 1
1087 1352 1
1087 1594 1
1087 1878 1
1088 1567 1
1090 1253 1
1090 1433 1
1090 1449 1
1090 1478 1
1090 1630 1
1090 1944 1
1091 1121 1
1091 1754 1
1092 1478 1
1092 1616 1
1092 1719 1
1092 1846 1
1093 1541 1
1093 1742 1
1094 1672 1
1094 1800 1
1095 1218 1
1095 1624 1
1097 1459 1
1098 1246 1
1098 1822 1
1098 1839 1
1098 1908 1
1099 1483 1
1099 1783 1
1101 1233 1
1102 1254 1
1102 1795 1
1102 1949 1
1103 1248 1
1103 1817 1
1104 1543 1
1104 1741 1
1105 1990 1
1107 1117 1
1107 1388 1
1107 1531 1
1108 1443 1
1108 1836 1
1109 1186 1
1109 1905 1
1109 1950 1
1110 1276 1
1110 1326 1
1111 1294 1
1111 1796 1
1112 1477 1
1112 1526 1
1112 1838 1
1113 1139 1
1113 1893 1
1114 1128 1
1114 1152 1
1115 1292 1
1115 1392 1
1115 1429 1
1115 1817 1
1117 1732 1
1118 1151 1
1118 1557 1
1118 1747 1
1119 1346 1
1119 1428 1
1119 1565 1
1120 1440 1
1120 1537 1
1121 1575 1
1122 1169 1
1122 1548 1
1122 1661 1
1122 1722 1
1122 1864 1
1122 1876 1
1123 1223 1
1123 1589 1
1123 1808 1
1124 1127 1
1124 1265 1
1124 1356 1
1125 1149 1
1125 1508 1
1125 1937 1
1126 1703 1
1126 1950 1
1128 1485 1
1128 1797 1
1129 1673 1
1129 1747 1
1131 1488 1
1131 1744 1
1132 1836 1
1133 1200 1
1133 1212 1
1133 1247 1
1133 1337 1
1133 1429 1
1133 1620 1
1134 1223 1
1135 1208 1
1135 1540 1
1135 1645 1
1135 1789 1
1136 1355 1
1136 1502 1
1136 1529 1
1137 1338 1
1137 1737 1
1137 1846 1
1139 1226 1
1140 1151 1
1140 1554 1
1140 1556 1
1140 1597 1
1140 1952 1
1141 1886 1
1141 1996 1
1142 1759 1
1142 1860 1
1143 1199 1
1143 1274 1
1143 1730 1
1144 1179 1
1145 1195 1
1146 1834 1
1147 1538 1
1148 1723 1
1149 1218 1
1150 1909 1
1151 1442 1
1154 1176 1
1154 1513 1
1154 1710 1
1154 1722 1
1155 1207 1
1155 1803 1
1157 1594 1
1157 1617 1
1158 1419 1
1158 1866 1
1159 1265 1
1160 1588 1
1160 1885 1
1161 1163 1
1161 1215 1
1161 1652 1
1162 1812 1
1163 1728 1
1164 1555 1
1164 1718 1
1164 1994 1
1165 1201 1
1165 1335 1
1165 1914 1
1167 1938 1
1168 1752 1
1170 1901 1
1172 1341 1
1173 1203 1
1173 1636 1
1174 1343 1
1174 1816 1
1175 1965 1
1177 1637 1
1177 1883 1
1178 1224 1
1178 1331 1
1179 1438 1
1179 1793 1
1180 1228 1
1181 1194 1
1181 1239 1
1181 1301 1
1181 1819 1
1182 1808 1
1183 1372 1
1183 1438 1
1184 1293 1
1184 1520 1
1185 1195 1
1186 1408 1
1186 1837 1
1187 1571 1
1188 1265 1
1188 1590 1
1189 1354 1
1189 1435 1
1189 1859 1
1190 1776 1
1191 1254 1
1191 1419 1
1192 1304 1
1192 1400 1
1192 1484 1
1193 1933 1
1194 1354 1
1194 1846 1
1195 1273 1
1195 1641 1
1196 1472 1
1196 1954 1
1197 1368 1
1197 1469 1
1197 1532 1
1197 1760 1
1198 1735 1
1198 1989 1
1198 1990 1
1199 1281 1
1199 1533 1
1200 1313 1
1200 1628 1
1202 1402 1
1202 1758 1
1203 1252 1
1203 1886 1
1203 1934 1
1204 1302 1
1204 1350 1
1206 1942 1
1208 1646 1
1209 1270 1
1209 1474 1
1209 1635 1
1210 1458 1
1211 1315 1
1211 1511 1
1211 1794 1
1212 1834 1
1215 1274 1
1215 1503 1
1215 1920 1
1217 1680 1
1218 1244 1
1218 1436 1
1218 1650 1
1220 1445 1
1220 1515 1
1220 1968 1
1222 1621 1
1222 1684 1
1222 1982 1
1223 1561 1
1223 1567 1
1223 1939 1
1224 1783 1
1224 1961 1
1225 1306 1
1225 1340 1
1226 1258 1
1226 1713 1
1227 1960 1
1228 1964 1
1230 1414 1
1230 1837 1
1232 1284 1
1232 1359 1
1233 1860 1
1234 1714 1
1235 1398 1
1236 1568 1
1237 1880 1
1237 1962 1
1238 1299 1
1239 1340 1
1239 1693 1
1241 1308 1
1241 1373 1
1242 1347 1
1242 1566 1
1242 1757 1
1242 1833 1
1243 1381 1
1244 1396 1
1244 1962 1
1245 1288 1
1246 1584 1
1246 1693 1
1247 1963 1
1248 1998 1
1249 1675 1
1249 1708 1
1249 1748 1
1251 1596 1
1252 1435 1
1253 1855 1
1254 1880 1
1255 1883 1
1255 1979 1
1256 1816 1
1256 1887 1
1258 1330 1
1258 1529 1
1258 1591 1
1258 1913 1
1258 1973 1
1259 1455 1
1261 1290 1
1261 1510 1
1261 1674 1
1262 1285 1
1262 1663 1
1263 1295 1
1263 1384 1
1263 1505 1
1263 1684 1
1263 1702 1
1263 1958 1
1264 1355 1
1264 1822 1
1265 1744 1
1266 1356 1
1266 1466 1
1266 1563 1
1266 1591 1
1266 1593 1
1266 1594 1
1267 1345 1
1267 1450 1
1267 1924 1
1269 1444 1
1269 1756 1
1270 1676 1
1270 1826 1
1271 1784 1
1272 1875 1
1273 1374 1
1273 1886 1
1274 1873 1
1275 1488 1
1275 1977 1
1277 1749 1
1278 1352 1
1279 1307 1
1279 1663 1
1280 1774 1
1280 1787 1
1282 1496 1
1283 1309 1
1283 1374 1
1283 1527 1
1283 1572 1
1284 1623 1
1286 1575 1
1286 1598 1
1286 1918 1
1287 1936 1
1289 1366 1
1290 1748 1
1292 1902 1
1292 1955 1
1292 1977 1
1292 1982 1
1293 1519 1
1293 1691 1
1294 1367 1
1295 1768 1
1295 1839 1
1296 1372 1
1296 1803 1
1297 1307 1
1298 1437 1
1298 1973 1
1298 1982 1
1300 1343 1
1300 1818 1
1301 1739 1
1302 1596 1
1302 1833 1
1303 1563 1
1303 1922 1
1305 1557 1
1306 1715 1
1306 1978 1
1308 1560 1
1309 1562 1
1310 1326 1
1311 1639 1
1312 1578 1
1312 1858 1
1312 1879 1
1313 1601 1
1314 1529 1
1315 1679 1
1316 1461 1
1316 1915 1
1317 1602 1
1317 1613 1
1317 1963 1
1318 1895 1
1321 1973 1
1323 1656 1
1323 1846 1
1324 1668 1
1324 1955 1
1326 1341 1
1326 1501 1
1326 1705 1
1327 1446 1
1328 1609 1
1328 1997 1
1330 1471 1
1330 1641 1
1331 1862 1
1332 1365 1
1333 1609 1
1334 1960 1
1336 1570 1
1336 1887 1
1336 1965 1
1337 1481 1
1337 1980 1
1338 1534 1
1338 1572 1
1339 1622 1
1339 1890 1
1339 1951 1
1339 1974 1
1341 1493 1
1341 1541 1
1343 1677 1
1346 1667 1
1346 1771 1
1348 1964 1
1349 1385 1
1349 1505 1
1349 1587 1
1349 1828 1
1350 1432 1
1350 1470 1
1351 1384 1
1351 1419 1
1351 1678 1
1351 1782 1
1352 1464 1
1354 1459 1
1354 1771 1
1355 1394 1
1356 1857 1
1357 1686 1
1359 1983 1
1361 1591 1
1361 1688 1
1361 1967 1
1362 1446 1
1362 1473 1
1362 1795 1
1363 1920 1
1364 1663 1
1364 1934 1
1365 1629 1
1366 1629 1
1367 1772 1
1367 1836 1
1372 1538 1
1376 1688 1
1378 1897 1
1379 1575 1
1379 1759 1
1379 1796 1
1380 1767 1
1382 1414 1
1383 1520 1
1383 1741 1
1384 1907 1
1385 1413 1
1385 1571 1
1386 1468 1
1386 1551 1
1387 1617 1
1388 1422 1
1388 1946 1
1393 1486 1
1394 1911 1
1395 1582 1
1396 1488 1
1397 1691 1
1399 1654 1
1399 1814 1
1400 1821 1
1401 1555 1
1401 1778 1
1401 1942 1
1402 1701 1
1402 1889 1
1403 1772 1
1404 1688 1
1406 1524 1
1406 1880 1
1408 1704 1
1408 1742 1
1408 1849 1
1409 1792 1
1411 1829 1
1412 1911 1
1416 1847 1
1418 1546 1
1418 1625 1
1418 1691 1
1418 1715 1
1420 1947 1
1421 1463 1
1421 1637 1
1421 1680 1
1422 1723 1
1423 1523 1
1424 1452 1
1424 1517 1
1426 1447 1
1427 1501 1
1427 1543 1
1427 1589 1
1428 1765 1
1429 1520 1
1429 1559 1
1430 1666 1
1431 1936 1
1433 1748 1
1434 1495 1
1435 1521 1
1435 1793 1
1435 1885 1
1435 1957 1
1436 1869 1
1438 1645 1
1438 1819 1
1440 1974 1
1441 1521 1
1442 1620 1
1442 1686 1
1444 1507 1
1444 1999 1
1445 1760 1
1450 1474 1
1450 1829 1
1451 1555 1
1452 1505 1
1453 1677 1
1453 1718 1
1453 1852 1
1454 1477 1
1455 1871 1
1456 1537 1
1457 1557 1
1459 1479 1
1459 1823 1
1462 1620 1
1462 1705 1
1462 1805 1
1463 1786 1
1463 1820 1
1465 1526 1
1465 1684 1
1467 1821 1
1467 1928 1
1469 1504 1
1469 1818 1
1471 1555 1
1474 1603 1
1475 1478 1
1475 1531 1
1475 1893 1
1476 1519 1
1476 1891 1
1477 1600 1
1477 1822 1
1478 1809 1
1479 1650 1
1479 1754 1
1480 1557 1
1480 1651 1
1480 1947 1
1481 1816 1
1481 1853 1
1482 1673 1
1482 1787 1
1482 1809 1
1482 1896 1
1483 1896 1
1484 1558 1
1484 1894 1
1488 1720 1
1489 1527 1
1492 1512 1
1494 1607 1
1495 1929 1
1496 1713 1
1496 1962 1
1498 1680 1
1498 1813 1
1499 1572 1
1501 1952 1
1502 1623 1
1503 1705 1
1503 1718 1
1503 1852 1
1503 1872 1
1504 1653 1
1504 1706 1
1506 1884 1
1509 1554 1
1512 1658 1
1513 1749 1
1514 1601 1
1515 1655 1
1517 1872 1
1519 1824 1
1520 1851 1
1520 1904 1
1521 1684 1
1521 1880 1
1522 1542 1
1522 1638 1
1522 1970 1
1525 1605 1
1525 1826 1
1527 1664 1
1527 1963 1
1528 1629 1
1528 1851 1
1529 1616 1
1529 1663 1
1530 1877 1
1531 1669 1
1531 1764 1
1531 1954 1
1532 1708 1
1535 1591 1
1535 1642 1
1535 1666 1
1539 1751 1
1539 1854 1
1541 1678 1
1543 1554 1
1543 1922 1
1544 1848 1
1544 1895 1
1544 1914 1
1545 1750 1
1545 1770 1
1545 1886 1
1546 1580 1
1546 1893 1
1548 1930 1
1549 1978 1
1552 1721 1
1553 1590 1
1553 1816 1
1554 1732 1
1555 1878 1
1555 1910 1
1556 1754 1
1556 1898 1
1557 1735 1
1557 1877 1
1558 1722 1
1560 1628 1
1560 1921 1
1562 1916 1
1562 1940 1
1562 1988 1
1564 1790 1
1564 1921 1
1566 1594 1
1567 1661 1
1568 1998 1
1569 1575 1
1570 1967 1
1572 1610 1
1573 1625 1
1573 1675 1
1573 1832 1
1575 1734 1
1575 1736 1
1575 1827 1
1576 1699 1
1578 1861 1
1579 1600 1
1579 1791 1
1579 1829 1
1579 1934 1
1581 1664 1
1581 1938 1
1586 1629 1
1586 1761 1
1586 1832 1
1589 1921 1
1591 1793 1
1593 1682 1
1593 1768 1
1595 1941 1
1596 1640 1
1596 1975 1
1601 1721 1
1601 1727 1
1602 1671 1
1603 1604 1
1603 1679 1
1603 1902 1
1605 1634 1
1605 1769 1
1605 1822 1
1606 1627 1
1607 1771 1
1608 1964 1
1611 1698 1
1612 1662 1
1613 1790 1
1614 1618 1
1615 1656 1
1615 1830 1
1615 1941 1
1616 1677 1
1616 1698 1
1620 1638 1
1620 1658 1
1622 1910 1
1623 1853 1
1629 1983 1
1630 1806 1
1631 1757 1
1633 1890 1
1635 1842 1
1638 1825 1
1640 1670 1
1640 1938 1
1641 1995 1
1642 1672 1
1645 1907 1
1647 1907 1
1647 1911 1
1648 1986 1
1649 1874 1
1651 1701 1
1651 1898 1
1652 1802 1
1653 1918 1
1656 1822 1
1657 1739 1
1661 1852 1
1662 1911 1
1666 1714 1
1666 1870 1
1666 1895 1
1667 1864 1
1667 1928 1
1668 1836 1
1670 1793 1
1670 1866 1
1671 1917 1
1672 1917 1
1674 1747 1
1677 1907 1
1678 1897 1
1679 1704 1
1681 1812 1
1681 1943 1
1682 1835 1
1683 1836 1
1683 1877 1
1684 1761 1
1686 1979 1
1688 1711 1
1690 1885 1
1694 1706 1
1696 1807 1
1696 1981 1
1697 1788 1
1697 1861 1
1697 1955 1
1701 1769 1
1701 1998 1
1702 1806 1
1703 1791 1
1704 1852 1
1704 1933 1
1705 1811 1
1707 1734 1
1707 1858 1
1710 1880 1
1710 1881 1
1713 1828 1
1714 1882 1
1715 1895 1
1716 1806 1
1718 1832 1
1726 1821 1
1726 1894 1
1729 1965 1
1731 1799 1
1733 1880 1
1733 1982 1
1737 1871 1
1738 1803 1
1739 1873 1
1742 1752 1
1744 1793 1
1745 1956 1
1749 1751 1
1750 1838 1
1751 1832 1
1753 1848 1
1753 1871 1
1753 1924 1
1756 1841 1
1757 1795 1
1759 1988 1
1761 1762 1
1762 1796 1
1762 1806 1
1767 1884 1
1772 1894 1
1772 1993 1
1774 1920 1
1775 1816 1
1775 1827 1
1785 1829 1
1786 1989 1
1789 1887 1
1789 1984 1
1790 1827 1
1791 1880 1
1793 1961 1
1801 1820 1
1802 1857 1
1804 1986 1
1808 1812 1
1809 1997 1
1812 1855 1
1813 1946 1
1814 1887 1
1817 1913 1
1817 1976 1
1818 1928 1
1829 1899 1
1833 1852 1
1833 1922 1
1835 1959 1
1838 1850 1
1838 1902 1
1838 1996 1
1839 1982 1
1843 1942 1
1847 1922 1
1852 1923 1
1856 1996 1
1865 1903 1
1870 1893 1
1874 1890 1
1877 1916 1
1877 1933 1
1889 1916 1
1890 1993 1
1894 1997 1
1898 1951 1
1899 1960 1
1902 1959 1
1904 1992 1
1906 1919 1
1924 2000 1
1931 1972 1
1933 1952 1
1934 1995 1
1935 1953 1
1941 1958 1
1946 1976 1
1947 1952 1
1947 1971 1
1951 1973 1
1962 1987 1
1971 1977 1
1991 2000 1
